# Exported from Wings 3D 1.5.4
mtllib OIL_CANISTER.mtl
o Oil_Jerrycan
#38 vertices, 30 faces
v -306.77149445 396.35680000 -60.70399251
v 286.46220555 917.01950000 -235.68629251
v 384.90160555 842.32540000 -163.25949251
v 289.22900555 372.42960000 108.03480749
v -381.22409445 578.23330000 228.05950749
v -60.45209445 1109.83420000 -24.06159251
v -211.67939445 1233.49280000 -140.93869251
v -247.51729445 1234.93160000 -151.08519251
v 214.77640555 554.30600000 396.79820749
v 310.44920555 1024.20180000 125.50390749
v 14.00050555 927.95780000 -312.82519251
v 212.00980555 1098.89590000 53.07720749
v -173.06469445 1053.05510000 -439.84859251
v -137.22679445 1051.61630000 -429.70219251
v 155.78660555 1146.12240000 -151.22999251
v -183.08689445 1159.72710000 -247.17109251
v -147.29929445 1129.57070000 -218.95019251
v 128.51830555 1118.49770000 -140.86109251
v 166.21880555 1028.85460000 -74.67969251
v 209.89700555 1027.06070000 -62.28779251
v -127.50459445 1081.21480000 -295.72429251
v -163.29199445 1111.37110000 -323.94529251
v 175.58130555 1097.76660000 -228.00409251
v 148.31320555 1070.14170000 -217.63539251
v 229.69190555 978.70470000 -139.06199251
v 186.01340555 980.49870000 -151.45379251
v 313.21730555 934.55920000 -113.90549251
v 267.55710555 980.80430000 -115.48829251
v 299.76910555 1012.21620000 -126.96779251
v 345.42950555 965.97160000 -125.38499251
v 253.70070555 1014.65340000 -61.74629251
v 285.91260555 1046.06530000 -73.22569251
v 285.50470555 1002.25760000 -6.42159251
v 317.71680555 1033.66980000 -17.90109251
v 331.16510555 956.01280000 -4.83899251
v 363.37700555 987.42490000 -16.31829251
v 345.02150555 922.16370000 -58.58089251
v 377.23340555 953.57570000 -70.06029251
vt 2.4900000e-2 0.60160000
vt 2.4900000e-2 0.87020000
vt 2.9700000e-2 0.21080000
vt 7.3000000e-2 0.21100000
vt 8.2100000e-2 0.91030000
vt 0.10530000 0.37410000
vt 0.10530000 0.58560000
vt 0.10740000 8.1700000e-2
vt 0.12850000 0.11370000
vt 0.13100000 0.28370000
vt 0.13100000 0.34280000
vt 0.13710000 0.18360000
vt 0.13710000 0.25500000
vt 0.16400000 2.8900000e-2
vt 0.17630000 0.37410000
vt 0.17630000 0.58560000
vt 0.20400000 5.9700000e-2
vt 0.22020000 0.91030000
vt 0.26550000 0.28370000
vt 0.26550000 0.34280000
vt 0.30890000 0.97690000
vt 0.32720000 0.60140000
vt 0.32720000 0.97680000
vt 0.34790000 0.37410000
vt 0.34790000 0.58560000
vt 0.35750000 0.18360000
vt 0.35750000 0.25500000
vt 0.40180000 0.11510000
vt 0.44320000 8.3500000e-2
vt 0.45810000 0.37410000
vt 0.45810000 0.58560000
vt 0.46900000 5.9300000e-2
vt 0.48060000 0.37410000
vt 0.48060000 0.58560000
vt 0.48960000 2.8400000e-2
vt 0.48980000 0.28370000
vt 0.48980000 0.34280000
vt 0.49560000 0.18360000
vt 0.49560000 0.25500000
vt 0.49760000 0.43100000
vt 0.49780000 0.60150000
vt 0.49790000 0.97680000
vt 0.51640000 0.97690000
vt 0.52250000 0.15390000
vt 0.52340000 0.35670000
vt 0.52340000 0.40040000
vt 0.56450000 0.15390000
vt 0.59620000 0.35670000
vt 0.59620000 0.40040000
vt 0.60510000 0.91030000
vt 0.66890000 0.35670000
vt 0.66890000 0.40040000
vt 0.74170000 0.35670000
vt 0.74170000 0.40040000
vt 0.74330000 0.91030000
vt 0.80030000 0.43100000
vt 0.80040000 0.60150000
vt 0.80040000 0.87010000
vt 0.81440000 0.35670000
vt 0.81440000 0.40040000
vt 0.85370000 0.47700000
vt 0.85370000 0.53490000
vt 0.88720000 0.35670000
vt 0.88720000 0.40040000
vt 0.90380000 0.44810000
vt 0.90380000 0.56380000
vt 0.95390000 0.47700000
vt 0.95390000 0.53490000
vt 0.96000000 0.35670000
vt 0.96000000 0.40040000
vt 0.97070000 0.60140000
vt 0.97070000 0.87010000
vn 0.21315166 -0.52069680 -0.82670503
vn -0.17364814 -0.85286868 0.49240364
vn -0.96146390 3.8599150e-2 -0.27220815
vn 0.21315139 -0.52069671 -0.82670516
vn 0.21315120 -0.52069662 -0.82670526
vn 0.21315166 -0.52069680 -0.82670503
vn 0.17364775 0.85286880 -0.49240356
vn 0.69441869 0.67595777 -0.24670584
vn 0.21315139 -0.52069671 -0.82670516
vn 0.21315166 -0.52069680 -0.82670503
vn 0.96146403 -3.8598889e-2 0.27220772
vn 0.69441869 0.67595777 -0.24670584
vn 0.21315166 -0.52069680 -0.82670503
vn -0.17364814 -0.85286868 0.49240364
vn 0.96146403 -3.8598889e-2 0.27220772
vn -0.21315168 0.52069666 0.82670511
vn -0.17364814 -0.85286868 0.49240364
vn -0.96146390 3.8599150e-2 -0.27220815
vn -0.21315138 0.52069678 0.82670512
vn -0.21315100 0.52069652 0.82670538
vn -0.21315168 0.52069666 0.82670511
vn 0.17364775 0.85286880 -0.49240356
vn 0.71641380 0.65863146 -0.23012143
vn -0.21315100 0.52069652 0.82670538
vn -0.21315168 0.52069666 0.82670511
vn 0.71641380 0.65863146 -0.23012143
vn 0.17365001 0.85286854 -0.49240321
vn -0.21315168 0.52069666 0.82670511
vn -0.96146390 3.8599150e-2 -0.27220815
vn 0.17365001 0.85286854 -0.49240321
vn -0.17364814 -0.85286868 0.49240364
vn 0.96146403 -3.8598889e-2 0.27220772
vn -0.21315138 0.52069678 0.82670512
vn 0.96146403 -3.8598889e-2 0.27220772
vn 0.69441869 0.67595777 -0.24670584
vn -0.21315138 0.52069678 0.82670512
vn 0.17364775 0.85286880 -0.49240356
vn 0.71641380 0.65863146 -0.23012143
vn 0.21315139 -0.52069671 -0.82670516
vn 0.21315120 -0.52069662 -0.82670526
vn 0.17364775 0.85286880 -0.49240356
vn 0.69441869 0.67595777 -0.24670584
vn -0.21315138 0.52069678 0.82670512
vn -0.21315100 0.52069652 0.82670538
vn -0.96146390 3.8599150e-2 -0.27220815
vn 0.17365001 0.85286854 -0.49240321
vn 0.21315120 -0.52069662 -0.82670526
vn 0.71641380 0.65863146 -0.23012143
vn 0.17365001 0.85286854 -0.49240321
vn 0.21315120 -0.52069662 -0.82670526
vn -0.21315093 0.52069751 0.82670477
vn -0.21315247 0.52069610 0.82670526
vn 0.17364814 0.85286850 -0.49240394
vn 0.91515905 0.40270480 -1.7685153e-2
vn -0.21315093 0.52069751 0.82670477
vn 0.17364814 0.85286850 -0.49240394
vn -0.21315093 0.52069751 0.82670477
vn -0.17364803 -0.85286841 0.49240414
vn -0.21315093 0.52069751 0.82670477
vn -0.21315247 0.52069610 0.82670526
vn -0.17364803 -0.85286841 0.49240414
vn -0.92295723 -0.38487684 4.4465136e-3
vn -0.21315247 0.52069610 0.82670526
vn -0.92295723 -0.38487684 4.4465136e-3
vn -0.21315247 0.52069610 0.82670526
vn 0.91515905 0.40270480 -1.7685153e-2
vn 0.21315123 -0.52069580 -0.82670577
vn -0.17364803 -0.85286841 0.49240414
vn 0.21315123 -0.52069580 -0.82670577
vn 0.17364814 0.85286850 -0.49240394
vn 0.21315123 -0.52069580 -0.82670577
vn 0.21315390 -0.52069566 -0.82670517
vn 0.17364814 0.85286850 -0.49240394
vn 0.91515905 0.40270480 -1.7685153e-2
vn 0.21315123 -0.52069580 -0.82670577
vn 0.21315390 -0.52069566 -0.82670517
vn -0.17364803 -0.85286841 0.49240414
vn -0.92295723 -0.38487684 4.4465136e-3
vn 0.21315390 -0.52069566 -0.82670517
vn 0.91515905 0.40270480 -1.7685153e-2
vn 0.21315390 -0.52069566 -0.82670517
vn -0.92295723 -0.38487684 4.4465136e-3
vn -0.15939703 -0.19053581 -0.96865303
vn 0.52858780 -0.71133737 -0.46324301
vn -0.15939703 -0.19053581 -0.96865303
vn -0.68798418 0.52080506 -0.50541058
vn -0.15939703 -0.19053581 -0.96865303
vn -0.68798418 0.52080506 -0.50541058
vn 0.69371693 0.67648932 -0.24722261
vn 0.69371676 0.67649176 -0.24721642
vn -0.15939703 -0.19053581 -0.96865303
vn 0.52858780 -0.71133737 -0.46324301
vn 0.69371676 0.67649176 -0.24721642
vn -0.68798418 0.52080506 -0.50541058
vn -0.52858667 0.71133856 0.46324246
vn -0.68798418 0.52080506 -0.50541058
vn -0.52858667 0.71133856 0.46324246
vn 0.69371693 0.67648932 -0.24722261
vn -0.52858667 0.71133856 0.46324246
vn 0.15939686 0.19053357 0.96865350
vn -0.52858667 0.71133856 0.46324246
vn 0.15939686 0.19053357 0.96865350
vn 0.69371693 0.67648932 -0.24722261
vn 0.69371985 0.67648730 -0.24721994
vn 0.15939686 0.19053357 0.96865350
vn 0.68798497 -0.52080382 0.50541079
vn 0.15939686 0.19053357 0.96865350
vn 0.68798497 -0.52080382 0.50541079
vn 0.69371985 0.67648730 -0.24721994
vn 0.68798497 -0.52080382 0.50541079
vn 0.52858780 -0.71133737 -0.46324301
vn 0.68798497 -0.52080382 0.50541079
vn 0.52858780 -0.71133737 -0.46324301
vn 0.69371693 0.67648932 -0.24722261
vn 0.69371985 0.67648730 -0.24721994
vn 0.69371676 0.67649176 -0.24721642
g Oil_Jerrycan_wire_085028177
usemtl wire_085028177
s 1
f 1/22/4 11/18/39 2/5/9
f 2/15/8 12/16/42 10/7/35 3/6/12
f 4/56/14 9/57/31 5/41/17 1/40/2
f 6/50/21 7/43/25 8/42/28 5/41/16
f 18/9/60 19/4/63 20/3/65 15/8/52
f 23/35/72 25/47/79 26/44/81 24/32/76
f 32/61/98 34/65/103 38/68/114 29/62/89
s 2
f 3/72/11 10/58/34 9/57/32 4/71/15
f 5/41/18 8/42/29 13/23/45 1/22/3
f 5/41/20 12/55/44 6/50/24
f 6/25/23 11/24/38 14/30/48 7/31/26
f 16/29/55 17/28/57 18/9/59 15/8/51
f 18/27/62 24/26/78 26/38/82 19/39/64
f 20/11/66 25/10/80 23/19/74 15/20/54
f 22/14/69 23/35/71 24/32/75 21/17/67
f 30/60/92 38/54/113 37/53/111 27/59/84
f 31/45/95 33/48/99 34/49/101 32/46/97
f 36/67/109 38/68/115 34/65/104
s 3
f 2/5/6 3/2/10 4/1/13 1/22/1
f 7/31/27 14/30/49 13/33/46 8/34/30
f 9/57/33 10/58/36 12/55/43 5/41/19
f 11/24/37 6/25/22 12/16/41 2/15/7
f 15/20/53 23/19/73 22/36/70 16/37/56
f 17/13/58 21/12/68 24/26/77 18/27/61
f 28/63/86 31/69/94 32/70/96 29/64/88
f 29/62/90 38/68/116 30/66/93
f 33/48/100 35/51/105 36/52/107 34/49/102
s 4
f 1/22/5 13/23/47 14/21/50 11/18/40
f 28/63/85 29/64/87 30/60/91 27/59/83
f 35/51/106 37/53/110 38/54/112 36/52/108
