# Exported from Wings 3D 1.5.4
mtllib REPAIR_KIT.mtl
o Rep_Kit
#48 vertices, 37 faces
v 378.52199519 433.70990000 -50.30384387
v 403.92049519 639.83470000 352.72815613
v -513.31140481 877.23180000 289.11765613
v -538.71000481 671.10690000 -113.91444387
v 534.58309519 1081.89100000 118.41075613
v 509.18459519 875.76610000 -284.62124387
v -408.04740481 1113.16320000 -348.23184387
v -382.64880481 1319.28810000 54.80025613
v -60.32230481 1194.12740000 -13.82324387
v -44.79880481 1246.64620000 -41.66164387
v 219.61759519 1178.21020000 -23.32424387
v 204.09429519 1125.69140000 4.51405613
v -111.69000481 1243.79460000 51.23305613
v 264.14849519 1146.52040000 77.29765613
v -96.16660481 1296.31350000 23.39475613
v 279.67199519 1199.03930000 49.45935613
v 233.47939519 1045.29030000 -130.78224387
v 249.00289519 1097.80910000 -158.62044387
v -50.26040481 1202.32140000 -128.32894387
v -91.56910481 1185.95560000 -182.23934387
v -107.09250481 1133.43680000 -154.40094387
v -65.78400481 1149.80260000 -100.49084387
v 198.63259519 1081.36650000 -82.15334387
v 214.15599519 1133.88540000 -109.99154387
v -39.09920481 1212.68240000 -117.83204387
v 207.91419519 1148.75070000 -100.70154387
v 202.98219519 1108.72460000 -178.96374387
v -44.03120481 1172.65640000 -196.09434387
v -57.88490481 1149.12670000 -84.14354387
v 189.12849519 1085.19480000 -67.01294387
v 184.19649519 1045.16880000 -145.27524387
v -62.81700481 1109.10060000 -162.40574387
v 445.09609519 1049.61020000 -57.67984387
v 440.51759519 999.84640000 -177.38104387
v 356.75989519 1021.52450000 -183.18964387
v 361.33839519 1071.28820000 -63.48834387
v 437.50829519 1023.93900000 -44.07254387
v 353.75049519 1045.61710000 -49.88094387
v 346.50819519 986.84080000 -164.80504387
v 430.26589519 965.16270000 -158.99654387
v -297.95330481 1241.92550000 -109.21054387
v -214.19570481 1220.24730000 -103.40184387
v -218.77420481 1170.48360000 -223.10324387
v -302.53180481 1192.16190000 -228.91194387
v -305.54120481 1216.25440000 -95.60324387
v -221.78360481 1194.57620000 -89.79454387
v -229.02590481 1135.79990000 -204.71864387
v -312.78360481 1157.47800000 -210.52744387
vt 1.8300000e-2 1.9800000e-2
vt 1.9100000e-2 0.20380000
vt 4.4200000e-2 0.24070000
vt 4.4200000e-2 0.49440000
vt 4.7000000e-2 0.51590000
vt 4.7000000e-2 0.94540000
vt 5.6300000e-2 5.3200000e-2
vt 5.6800000e-2 0.17040000
vt 0.10390000 0.57280000
vt 0.10390000 0.88850000
vt 0.18730000 0.57280000
vt 0.18730000 0.88850000
vt 0.18990000 5.3300000e-2
vt 0.19050000 0.17040000
vt 0.22770000 1.9900000e-2
vt 0.22850000 0.20380000
vt 0.24420000 0.51590000
vt 0.24420000 0.94540000
vt 0.26620000 1.8600000e-2
vt 0.26650000 0.24100000
vt 0.26650000 0.49430000
vt 0.26670000 0.71680000
vt 0.26700000 0.96960000
vt 0.73090000 0.71680000
vt 0.73110000 0.49420000
vt 0.73120000 0.96960000
vt 0.73150000 0.24150000
vt 0.73230000 1.8600000e-2
vt 0.76000000 0.60000000
vt 0.76000000 0.77530000
vt 0.76150000 0.78700000
vt 0.76150000 0.96220000
vt 0.76390000 0.52880000
vt 0.76390000 0.58920000
vt 0.77170000 1.9800000e-2
vt 0.77250000 0.20380000
vt 0.78600000 0.62600000
vt 0.78600000 0.74930000
vt 0.78920000 0.78700000
vt 0.78920000 0.96220000
vt 0.79590000 0.63680000
vt 0.79590000 0.73810000
vt 0.80060000 0.78700000
vt 0.80060000 0.96220000
vt 0.80230000 0.52880000
vt 0.80230000 0.58920000
vt 0.80970000 5.3200000e-2
vt 0.81030000 0.17040000
vt 0.81290000 0.52990000
vt 0.81290000 0.59030000
vt 0.81870000 0.63680000
vt 0.81870000 0.73810000
vt 0.82820000 0.78700000
vt 0.82820000 0.96220000
vt 0.82950000 0.62600000
vt 0.82950000 0.74930000
vt 0.84060000 0.78790000
vt 0.84060000 0.96320000
vt 0.85130000 0.52990000
vt 0.85130000 0.59030000
vt 0.85550000 0.60000000
vt 0.85550000 0.77530000
vt 0.86320000 0.59920000
vt 0.86320000 0.77440000
vt 0.88920000 0.62510000
vt 0.88920000 0.74840000
vt 0.89140000 0.78790000
vt 0.89140000 0.96320000
vt 0.89980000 0.63640000
vt 0.89980000 0.73800000
vt 0.90630000 0.79010000
vt 0.90630000 0.96540000
vt 0.92260000 0.63640000
vt 0.92260000 0.73800000
vt 0.93260000 0.62510000
vt 0.93260000 0.74840000
vt 0.94340000 5.3300000e-2
vt 0.94390000 0.17040000
vt 0.95290000 0.24170000
vt 0.95290000 0.49410000
vt 0.95710000 0.79010000
vt 0.95710000 0.96540000
vt 0.95860000 0.59920000
vt 0.95860000 0.77440000
vt 0.98110000 1.9900000e-2
vt 0.98190000 0.20380000
vn -0.25268405 -0.85487787 0.45313861
vn 0.96592583 -0.24999993 6.6987559e-2
vn -5.6018455e-2 -0.45462498 -0.88891960
vn -0.25268405 -0.85487787 0.45313861
vn 5.6018563e-2 0.45462491 0.88891963
vn 0.96592583 -0.24999993 6.6987559e-2
vn -0.25268405 -0.85487787 0.45313861
vn 5.6018563e-2 0.45462491 0.88891963
vn -0.96592582 0.25000000 -6.6987370e-2
vn -0.25268405 -0.85487787 0.45313861
vn -5.6018455e-2 -0.45462498 -0.88891960
vn -0.96592582 0.25000000 -6.6987370e-2
vn 0.25268408 0.85487782 -0.45313869
vn 5.6018563e-2 0.45462491 0.88891963
vn 0.96592583 -0.24999993 6.6987559e-2
vn 0.25268408 0.85487782 -0.45313869
vn 0.96592583 -0.24999993 6.6987559e-2
vn -5.6018455e-2 -0.45462498 -0.88891960
vn 0.25268408 0.85487782 -0.45313869
vn -5.6018455e-2 -0.45462498 -0.88891960
vn -0.96592582 0.25000000 -6.6987370e-2
vn 0.25268408 0.85487782 -0.45313869
vn 5.6018563e-2 0.45462491 0.88891963
vn -0.96592582 0.25000000 -6.6987370e-2
vn -5.6019153e-2 -0.45462629 -0.88891889
vn -0.25268397 -0.85487789 0.45313862
vn -0.25268467 -0.85487778 0.45313843
vn 0.96592548 -0.25000108 6.6988252e-2
vn -5.6019153e-2 -0.45462629 -0.88891889
vn 0.25268402 0.85487742 -0.45313948
vn 0.25268557 0.85487736 -0.45313872
vn 0.96592548 -0.25000108 6.6988252e-2
vn -5.6019153e-2 -0.45462629 -0.88891889
vn 0.25268402 0.85487742 -0.45313948
vn 0.25268286 0.85487806 -0.45313892
vn -0.96592634 0.24999813 -6.6986910e-2
vn -5.6019153e-2 -0.45462629 -0.88891889
vn -0.25268397 -0.85487789 0.45313862
vn -0.96592634 0.24999813 -6.6986910e-2
vn -0.25268359 -0.85487794 0.45313873
vn -0.25268397 -0.85487789 0.45313862
vn 5.6018614e-2 0.45462504 0.88891956
vn -0.25268467 -0.85487778 0.45313843
vn -0.96734870 0.21367773 -0.13630233
vn -0.25268397 -0.85487789 0.45313862
vn 5.6018614e-2 0.45462504 0.88891956
vn 0.95858612 -0.28478967 -2.7377586e-3
vn -0.25268359 -0.85487794 0.45313873
vn 5.6018614e-2 0.45462504 0.88891956
vn 0.25268402 0.85487742 -0.45313948
vn 0.25268557 0.85487736 -0.45313872
vn -0.96734870 0.21367773 -0.13630233
vn 5.6018614e-2 0.45462504 0.88891956
vn 0.25268402 0.85487742 -0.45313948
vn 0.95858612 -0.28478967 -2.7377586e-3
vn 0.25268286 0.85487806 -0.45313892
vn 0.95858612 -0.28478967 -2.7377586e-3
vn -0.25268415 -0.85487828 0.45313779
vn -5.6018868e-2 -0.45462566 -0.88891923
vn -0.25268359 -0.85487794 0.45313873
vn 0.95858612 -0.28478967 -2.7377586e-3
vn -5.6018868e-2 -0.45462566 -0.88891923
vn 0.25268414 0.85487838 -0.45313760
vn 0.25268286 0.85487806 -0.45313892
vn 0.25268557 0.85487736 -0.45313872
vn 5.6018071e-2 0.45462349 0.88892039
vn 0.25268414 0.85487838 -0.45313760
vn 0.96592548 -0.25000108 6.6988252e-2
vn 0.25268557 0.85487736 -0.45313872
vn -0.96734870 0.21367773 -0.13630233
vn -5.6018868e-2 -0.45462566 -0.88891923
vn 0.25268414 0.85487838 -0.45313760
vn -0.25268467 -0.85487778 0.45313843
vn -0.96734870 0.21367773 -0.13630233
vn -0.25268415 -0.85487828 0.45313779
vn -5.6018868e-2 -0.45462566 -0.88891923
vn -0.25268467 -0.85487778 0.45313843
vn 5.6018071e-2 0.45462349 0.88892039
vn -0.25268415 -0.85487828 0.45313779
vn 0.96592548 -0.25000108 6.6988252e-2
vn 5.6018071e-2 0.45462349 0.88892039
vn -0.25268415 -0.85487828 0.45313779
vn -0.96592634 0.24999813 -6.6986910e-2
vn -0.25268359 -0.85487794 0.45313873
vn 5.6018071e-2 0.45462349 0.88892039
vn 0.25268414 0.85487838 -0.45313760
vn 0.25268286 0.85487806 -0.45313892
vn -0.96592634 0.24999813 -6.6986910e-2
vn 0.25268409 0.85487799 -0.45313835
vn 5.6018506e-2 0.45462512 0.88891953
vn -0.96592579 0.25000029 -6.6986698e-2
vn 0.25268409 0.85487799 -0.45313835
vn 5.6018506e-2 0.45462512 0.88891953
vn 0.96592607 -0.24999920 6.6986739e-2
vn 0.25268409 0.85487799 -0.45313835
vn 0.96592607 -0.24999920 6.6986739e-2
vn -5.6018486e-2 -0.45462509 -0.88891954
vn 0.25268409 0.85487799 -0.45313835
vn -5.6018486e-2 -0.45462509 -0.88891954
vn -0.96592579 0.25000029 -6.6986698e-2
vn 5.6018506e-2 0.45462512 0.88891953
vn -0.96592579 0.25000029 -6.6986698e-2
vn 5.6018506e-2 0.45462512 0.88891953
vn 0.96592607 -0.24999920 6.6986739e-2
vn 0.96592607 -0.24999920 6.6986739e-2
vn -5.6018486e-2 -0.45462509 -0.88891954
vn -5.6018486e-2 -0.45462509 -0.88891954
vn -0.96592579 0.25000029 -6.6986698e-2
vn 0.25640024 0.88899920 -0.37939338
vn 5.6020508e-2 0.45462551 0.88891920
vn 0.96592632 -0.24999832 6.6986513e-2
vn 0.25640024 0.88899920 -0.37939338
vn -5.6019674e-2 -0.45462526 -0.88891938
vn 0.96592632 -0.24999832 6.6986513e-2
vn 0.25640024 0.88899920 -0.37939338
vn -0.96592594 0.24999955 -6.6987352e-2
vn -5.6019674e-2 -0.45462526 -0.88891938
vn 0.25640024 0.88899920 -0.37939338
vn 5.6020508e-2 0.45462551 0.88891920
vn -0.96592594 0.24999955 -6.6987352e-2
vn 5.6020508e-2 0.45462551 0.88891920
vn 0.96592632 -0.24999832 6.6986513e-2
vn 5.6020508e-2 0.45462551 0.88891920
vn -0.96592594 0.24999955 -6.6987352e-2
vn -0.96592594 0.24999955 -6.6987352e-2
vn -5.6019674e-2 -0.45462526 -0.88891938
vn -5.6019674e-2 -0.45462526 -0.88891938
vn 0.96592632 -0.24999832 6.6986513e-2
vn 0.25640318 0.88899888 -0.37939215
vn 5.6018679e-2 0.45462523 0.88891946
vn -0.96592570 0.25000049 -6.6987328e-2
vn 0.25640318 0.88899888 -0.37939215
vn 5.6018679e-2 0.45462523 0.88891946
vn 0.96592591 -0.24999965 6.6987368e-2
vn 0.25640318 0.88899888 -0.37939215
vn 0.96592591 -0.24999965 6.6987368e-2
vn -5.6017931e-2 -0.45462461 -0.88891982
vn 0.25640318 0.88899888 -0.37939215
vn -5.6017931e-2 -0.45462461 -0.88891982
vn -0.96592570 0.25000049 -6.6987328e-2
vn 5.6018679e-2 0.45462523 0.88891946
vn -0.96592570 0.25000049 -6.6987328e-2
vn 5.6018679e-2 0.45462523 0.88891946
vn 0.96592591 -0.24999965 6.6987368e-2
vn 0.96592591 -0.24999965 6.6987368e-2
vn -5.6017931e-2 -0.45462461 -0.88891982
vn -5.6017931e-2 -0.45462461 -0.88891982
vn -0.96592570 0.25000049 -6.6987328e-2
g Rep_Kit_wire_184155229
usemtl wire_184155229
s 1
f 2/27/5 5/25/14 8/21/23 3/20/8
f 4/23/11 7/22/20 6/24/18 1/26/3
f 10/42/29 11/41/33 12/51/37 9/52/25
f 10/75/31 19/65/65 20/63/69 15/83/51
f 12/38/40 23/56/84 17/62/60 14/30/48
f 13/29/43 21/61/73 22/55/77 9/37/27
f 14/54/46 16/44/53 15/43/49 13/53/42
f 16/84/56 18/64/64 24/66/87 11/76/35
f 17/39/59 21/40/76 20/32/71 18/31/62
f 22/73/78 23/74/81 24/70/85 19/69/66
f 25/10/90 29/6/101 30/5/103 26/9/93
f 26/9/94 30/5/104 31/17/105 27/11/96
f 27/11/97 31/17/106 32/18/107 28/12/99
f 28/12/100 32/18/108 29/6/102 25/10/91
f 34/47/112 35/48/115 36/78/118 33/77/109
f 42/14/132 43/8/135 44/7/138 41/13/129
s 2
f 1/79/2 6/80/17 5/25/15 2/27/6
f 3/20/9 8/21/24 7/4/21 4/3/12
f 9/45/28 22/46/80 19/34/68 10/33/32
f 10/75/30 15/83/50 16/84/54 11/76/34
f 11/50/36 24/49/88 23/59/83 12/60/39
f 12/38/38 14/30/45 13/29/41 9/37/26
f 14/81/47 17/82/57 18/72/61 16/71/55
f 15/58/52 20/57/70 21/67/74 13/68/44
f 17/62/58 23/56/82 22/55/79 21/61/75
f 20/63/72 19/65/67 24/66/86 18/64/63
f 26/9/92 27/11/95 28/12/98 25/10/89
f 33/77/111 37/85/122 40/35/128 34/47/114
f 34/47/113 40/35/127 39/36/126 35/48/117
f 35/48/116 39/36/125 38/86/124 36/78/120
f 36/78/119 38/86/123 37/85/121 33/77/110
f 41/13/130 45/15/141 46/16/143 42/14/133
f 42/14/134 46/16/144 47/2/145 43/8/136
f 43/8/137 47/2/146 48/1/147 44/7/139
f 44/7/140 48/1/148 45/15/142 41/13/131
s 3
f 2/27/4 3/20/7 4/19/10 1/28/1
f 6/24/16 7/22/19 8/21/22 5/25/13
